100000000000000000000000000000000000000000000000000000000000000000001111111111111100000000000000000000000000000000000000000000000000000000000000000001
000000000000000000000000000000000000000000000000000000000000000001111111111111111111100000000000000000000000000000000000000000000000000000000000000000
000000000000000000000000000000000000000000000000000000000000000111111111111111111111111000000000000000000000000000000000000000000000000000000000000000
000000000000000000000000000000000000000000000000000000000000011111111111111111111111111110000000000000000000000000000000000000000000000000000000000000
000000000000000000000000000000000000000000000000000000000001111111111111111111111111111111100000000000000000000000000000000000000000000000000000000000
000000000000000000000000000000000000000000000000000000000011111111111111111111111111111111110000000000000000000000000000000000000000000000000000000000
000000000000000000000000000000000000000000000000000000001111111111111111111111111111111111111100000000000000000000000000000000000000000000000000000000
000000000000000000000000000000000000000000000000000000011111111111111100000000001111111111111110000000000000000000000000000000000000000000000000000000
000000000000000000000000000000000000000000000000000000111111111111100000000000000111111111111111000000000000000000000000000000000000000000000000000000
000000000000000000000000000000000000000000000000000001111111111111100000000000000111111111111111100000000000000000000000000000000000000000000000000000
000000000000000000000000000000000000000000000000000011111111111111100000000000001111111111111111110000000000000000000000000000000000000000000000000000
000000000000000000000000000000000000000000000000000111111111111111100000000000001111111111111111111000000000000000000000000000000000000000000000000000
000000000000000000000000000000000000000000000000001111111111111111110000000000001111111111111111111100000000000000000000000000000000000000000000000000
000000000000000000000000000000000000000000000000011111111111111111110000000000001111111111111111111110000000000000000000000000000000000000000000000000
000000000000000000000000000000000000000000000000111111111111111111111000000000011111111111111111111111000000000000000000000000000000000000000000000000
000000000000000000000000000000000000000000000001111111111111111111111000000000011111111111111111111111100000000000000000000000000000000000000000000000
000000000000000000000000000000000000000000000011111111111111111111111001111111111111111111111111111111110000000000000000000000000000000000000000000000
000000000000000000000000000000000000000000000111111111111111111111111111111111111111111111111111111111111000000000000000000000000000000000000000000000
000000000000000000000000000000000000000000000111111111111111111111111111111111111111111111111111111111111000000000000000000000000000000000000000000000
000000000000000000000000000000000000000000001111111111111111111111111111111111111111111111111111011111111100000000000000000000000000000000000000000000
000000000000000000000000000000000000000000011111111111111111111111111111111111111111111111111111001111111110000000000000000000000000000000000000000000
000000000000000000000000000000000000000000111111111001111111111111111111111111111111111111111110000111111111000000000000000000000000000000000000000000
000000000000000000000000000000000000000000111111111001111111111111111111111111111111111111111110000111111111000000000000000000000000000000000000000000
000000000000000000000000000000000000000001111111110000111111111111111111111111111111111111111110000011111111100000000000000000000000000000000000000000
000000000000000000000000000000000000000011111111100000111111111111111111111111111111111111111111000001111111110000000000000000000000000000000000000000
000000000000000000000000000000000000000011111111000000111111111111111111111111111111111111111111100000111111110000000000000000000000000000000000000000
000000000000000000000000000000000000000111111111000001111111111111111111111111111111111111111111100000111111111000000000000000000000000000000000000000
000000000000000000000000000000000000000111111110000001111111111000011111111111111111000111111111110000011111111000000000000000000000000000000000000000
000000000000000000000000000000000000001111111100000011111111110000001111111111111100000001111111110000001111111100000000000000000000000000000000000000
000000000000000000000000000000000000011111111100000011111111100000000111111111111000000000111111111000001111111110000000000000000000000000000000000000
000000000000000000000000000000000000011111111000000111111111000000000011111111111000000000111111111000000111111110000000000000000000000000000000000000
000000000000000000000000000000000000111111110000000111111111000000000011111111111000000000011111111000000011111111000000000000000000000000000000000000
000000000000000000000000000000000000111111110000000111111111000000000011111111110000000000011111111100000011111111000000000000000000000000000000000000
000000000000000000000000000000000001111111100000000111111111000000000011111111110000000000011111111100000001111111100000000000000000000000000000000000
000000000000000000000000000000000001111111100000000111111111000000000011111111110000000000011111111100000001111111100000000000000000000000000000000000
000000000000000000000000000000000011111111000000000111111111000000000011111111111000000000011111111100000000111111110000000000000000000000000000000000
000000000000000000000000000000000011111111000000000111111111000000000111111111111000000000111111111000000000111111110000000000000000000000000000000000
000000000000000000000000000000000111111110000000000111111111100000000111111111111100000001111111111000000000011111111000000000000000000000000000000000
000000000000000000000000000000000111111110000000000011111111110000011111111111111110000011111111111000000000011111111000000000000000000000000000000000
000000000000000000000000000000001111111100000000000011111111111111111111111111111111111111111111111000000000001111111100000000000000000000000000000000
000000000000000000000000000000001111111100000000000001111111111111111111111111111111111111111111110000000000001111111100000000000000000000000000000000
000000000000000000000000000000011111111001111000000001111111111111111111111111111111111111111111100000000000000111111110000000000000000000000000000000
000000000000000000000000000000011111111111111110000000111111111111111111111111111111111111111111100000000010000111111110000000000000000000000000000000
000000000000000000000000000000111111111111111110000000011111111111111111111111111111111111111111000000001111110011111111000000000000000000000000000000
000000000000000000000000000000111111111111111111000000011111111111111111111111111111111111111110000000011111111011111111000000000000000000000000000000
000000000000000000000000000000111111111111111111100000000111111111111111111111111111111111111100000000011111111101111111000000000000000000000000000000
000000000000000000000000000001111111111111111111100000000011111111111111111111111111111111111000000000111111111101111111100000000000000000000000000000
000000000000000000000000000001111111111111111111110000000001111111111111111111111111111111100000000001111111111110111111100000000000000000000000000000
000000000000000000000000000011111111111111111111111000000000011111111111111111111111111111000000000011111111111111111111110000000000000000000000000000
000000000000000000000000000011111111111111111111111100000000000111111111111111111111111000000000000111111111111111111111110000000000000000000000000000
000000000000000000000000000011111111111111111111111111000000000000111111111111111111000000000000001111111111111111111111110000000000000000000000000000
000000000000000000000000000111111111111111111111111111100000000000000111110011111100000000000000011111111111111111111111111000000000000000000000000000
000000000000000000000000000111111111111111111111111111111000000000000111110011111100000000000001111111111111111111111111111000000000000000000000000000
000000000000000000000000001111111111111111111111111111111110000000000111110011111100000000000111111111111111111111111111111100000000000000000000000000
000000000000000000000000001111111111111111111111111111111111000000000111110011111100000000011111111111111111111111111111111100000000000000000000000000
000000000000000000000000001111111011111111111111111111111111110000000111110011111100000000111111111111111111111111111111111100000000000000000000000000
000000000000000000000000011111111000001111111111111111111111111100000000000000000000000111111111111111111111111111111111111110000000000000000000000000
000000000000000000000000011111111000000000011111111111111111111111000000000000000000011111111111111111111111111111111111111110000000000000000000000000
000000000000000000000000011111110000000000000011111111111111111111110000000000000001111111111111111111111111111110000011111110000000000000000000000000
000000000000000000000000111111110000000000000000011111111111111111111100000000000111111111111111111111111110000000000011111111000000000000000000000000
000000000000000000000000111111110000000000000000000011111111111111111110000000011111111111111111111111000000000000000011111111000000000000000000000000
000000000000000000000000111111100000000000000000000000011111111111111111100001111111111111111111111000000000000000000001111111000000000000000000000000
000000000000000000000000111111100000000000000000000000000111111111111111110001111111111111111110000000000000000000000001111111000000000000000000000000
000000000000000000000001111111100000000000000000000000000001111111111110000000000111111111110000000000000000000000000001111111100000000000000000000000
000000000000000000000001111111000000000000000000000000000000011111100000000000000000011111000000000000000000000000000000111111100000000000000000000000
000000000000000000000001111111000000000000000000000000000000000000000000000000000000000000000000000000000000000000000000111111100000000000000000000000
000000000000000000000011111111000000000000000000000000000000000000000000000000000000000000000000000000000000000000000000111111110000000000000000000000
000000000000000000000011111110000000000000000000000000000000000000000000000000000000000000000000000000000000000000000000011111110000000000000000000000
000000000000000000000011111110000000000000000000000000000000000000000000000000000000000000000000000000000000000000000000011111110000000000000000000000
000000000000000000000011111110000000000000000000000000000000000000000000000000000000000000000000000000000000000000000000011111110000000000000000000000
000000000000000000000111111110000000000000000000000000000000000000000000000000000000000000000000000000000000000000000000011111111000000000000000000000
000000000000000000000111111100000000000000000000000000000000000000000000000000000000000000000000000000000000000000000000001111111000000000000000000000
000000000000000000000111111100000001111111100011111110000000000000000000000000000000000000000000000000000000000000000000001111111000000000000000000000
000000000000000000000111111100000111111111111111111110000000000000000000000000000000000000000000000000000000000000000000001111111000000000000000000000
000000000000000000001111111100001111111111111111111100000000000000000000000000000000000000000000000011111100000000000000001111111100000000000000000000
000000000000000000001111111100001111111111111111111000000000000000000000000000000000000000000000000011111111111110000000001111111100000000000000000000
000000000000000000001111111000001111111111111111110000000000000000000000000000000000000000000000000001111111111111100000000111111100000000000000000000
000000000000000000001111111000001111111111111111110000000000000000000000000000000000000000000000000000111111111111100000000111111100000000000000000000
000000000000000000001111111000001111111111111111100000000000000000000000000000000000000000000000000000111111111111100000000111111100000000000000000000
000000000000000000001111111000000111111111111111100000000000000000000000000000000000000000000000000000011111111111110000000111111100000000000000000000
000000000000000000011111111000000001111111111111000000000000000000000000000000000000000000000000000000011111111111100000000111111110000000000000000000
000000000000000000011111111000000000111111111110000000000000000000000000000000000000000000000000000000001111111111100000000111111110000000000000000000
000000000000000000011111110000000000011111111110001111111111111100110000111100110000001111111111111100001111111111000000000011111110000000000000000000
000000000000000000011111110000000000001111111110001111111111111100110000111100110000001111111111111100000111111000000000000011111110000000000000000000
000000000000000000011111110000000000001111111100001100000000001100111111001100110011001100000000001100000111110000000000000011111110000000000000000000
000000000000000000011111110000000000000111111100001100000000001100111111001100110011001100000000001100000111100000000000000011111110000000000000000000
000000000000000000011111110000000000000000000000001100111111001100000011111111001111001100111111001100000011000000000000000011111110000000000000000000
000000000000000000011111110000000000000000000000001100111111001100000011111111001111001100111111001100000000000000000000000011111110000000000000000000
000000000000000000011111110000000000000000000000001100111111001100000011000011110011001100111111001100000000000000000000000011111110000000000000000000
000000000000000000111111110000000000000000000000001100111111001100000011000011110011001100111111001100000000000000000000000011111111000000000000000000
000000000000000000111111110000000000000000000000001100111111001100111111110011110011001100111111001100000000000000000000000011111111000000000000000000
000000000000000000111111110000000000000000000000001100111111001100111111110011110011001100111111001100000000000000000000000011111111000000000000000000
000000000000000000111111100000000000000000000000001100000000001100110000110000110000001100000000001100000000000000000000000001111111000000000000000000
000000000000000000111111100000000000000000000000001100000000001100110000110000110000001100000000001100000000000000000000000001111111000000000000000000
000000000000000000111111100000000000000000000000001111111111111100110011001100110011001111111111111100000000000000000000000001111111000000000000000000
000000000000000000111111110000000000000000000000001111111111111100110011001100110011001111111111111100000000000000000000000011111111000000000000000000
000000000000000000111111110000000000000000000000000000000000000000110011111100111100000000000000000000000000000000000000000011111111000000000000000000
000000000000000000111111110000000000000000000000000000000000000000110011111100111100000000000000000000000000000000000000000011111111000000000000000000
000000000000000000011111110000000000000000000000001111110000111100111111000000001100111111110000111100000000000000000000000011111110000000000000000000
000000000000000000011111110000000000000000000000001111110000111100111111000000001100111111110000111100000000000000000000000011111110000000000000000000
000000000000000000011111110000000000000000000000000000001100000011111111000000111111111111000000111100000000000000000000000011111110000000000000000000
000000000000000000011111110000000000000000000000000000001100000011111111000000111111111111000000111100000000000000000000000011111110000000000000000000
000000000000000000011111110000000000000000000000001111001100111111110000110000111111001100001100111100000000000000000000000011111110000000000000000000
000000000000000000011111110000000000000000000000001111001100111111110000110000111111001100001100111100000000000000000000000011111110000000000000000000
000000000000000000011111111000000000000000000000000000110011000000001100000000110000111111110000110000000000000000000000000111111110000000000000000000
000000000000000000011111111000000000000000000000000000110011000000001100000000110000111111110000110000000000000000000000000111111110000000000000000000
000000000000000000001111111000000000000000000000000000000011111100111100111100001100001100110000001100000000000000000000000111111100000000000000000000
000000000000000000001111111000000000000000000000000000000011111100111100111100001100001100110000001100000000000000000000000111111100000000000000000000
000000000000000000001111111100000000000000000000000000111111110000110000001111111111001111001100000000000000000000000000001111111100000000000000000000
000000000000000000001111111100000000000000000000000000111111110000110000001111111111001111001100000000000000000000000000001111111100000000000000000000
000000000000000000000111111100000000000000000000001111111111111111000011001111001100110011001111001100000000000000000000001111111000000000000000000000
000000000000000000000111111110000000000000000000001111111111111111000011001111001100110011001111001100000000000000000000011111111000000000000000000000
000000000000000000000111111110000000000000000000000000001111000011110000111100111111110011111100000000000000000000000000011111111000000000000000000000
000000000000000000000011111111000000000000000000000000001111000011110000111100111111110011111100000000000000000000000000111111110000000000000000000000
000000000000000000000011111111000000000000000000001111001100111100111111000011110011111111110000110000000000000000000000111111110000000000000000000000
000000000000000000000001111111100000000000000000001111001100111100111111000011110011111111110000110000000000000000000001111111100000000000000000000000
000000000000000000000001111111100000000000000000000000000000000000110000000011001111000000110011000000000000000000000001111111100000000000000000000000
000000000000000000000001111111110000000000000000000000000000000000110000000011001111000000110011000000000000000000000011111111100000000000000000000000
000000000000000000000000111111110000000000000000001111111111111100001100110000001111001100110000001100000000000000000011111111000000000000000000000000
000000000000000000000000111111111000000000000000001111111111111100001100110000001111001100110000001100000000000000000111111111000000000000000000000000
000000000000000000000000011111111000000000000000001100000000001100110000000011001111000000111100110000000000000000000111111110000000000000000000000000
000000000000000000000000011111111100000000000000001100000000001100110000000011001111000000111100110000000000000000001111111110000000000000000000000000
000000000000000000000000001111111110000000000000001100111111001100000000111111001111111111111100001100000000000000011111111100000000000000000000000000
000000000000000000000000000111111111000000000000001100111111001100000000111111001111111111111100001100000000000000111111111000000000000000000000000000
000000000000000000000000000111111111000000000000001100111111001100000011001100000000110000111100110000000000000000111111111000000000000000000000000000
000000000000000000000000000011111111100000000000001100111111001100000011001100000000110000111100110000000000000001111111110000000000000000000000000000
000000000000000000000000000001111111110000000000001100111111001100110000001111111100000000111100111100000000000011111111100000000000000000000000000000
000000000000000000000000000001111111111000000000001100111111001100110000001111111100000000111100111100000000000111111111100000000000000000000000000000
000000000000000000000000000000111111111100000000001100000000001100111111111100110011110011001100000000000000001111111111000000000000000000000000000000
000000000000000000000000000000011111111110000000001100000000001100111111111100110011110011001100000000000000011111111110000000000000000000000000000000
000000000000000000000000000000001111111111000000001111111111111100111111000011110011111100110000001100000000111111111100000000000000000000000000000000
000000000000000000000000000000000111111111100000001111111111111100111111000011110011111100110000001100000001111111111000000000000000000000000000000000
000000000000000000000000000000000011111111110000000000000000000000000000000000000000000000000000000000000011111111110000000000000000000000000000000000
000000000000000000000000000000000001111111111100000000000000000000000000000000000000000000000000000000001111111111100000000000000000000000000000000000
000000000000000000000000000000000000111111111110000000000000000000000000000000000000000000000000000000011111111111000000000000000000000000000000000000
000000000000000000000000000000000000011111111111100000000000000000000000000000000000000000000000000001111111111110000000000000000000000000000000000000
000000000000000000000000000000000000001111111111110000000000000000000000000000000000000000000000000011111111111100000000000000000000000000000000000000
000000000000000000000000000000000000000111111111111100000000000000000000000000000000000000000000001111111111111000000000000000000000000000000000000000
000000000000000000000000000000000000000011111111111111000000000000000000000000000000000000000000111111111111110000000000000000000000000000000000000000
000000000000000000000000000000000000000001111111111111110000000000000000000000000000000000000011111111111111100000000000000000000000000000000000000000
000000000000000000000000000000000000000000011111111111111110000000000000000000000000000000011111111111111110000000000000000000000000000000000000000000
000000000000000000000000000000000000000000001111111111111111110000000000000000000000000011111111111111111100000000000000000000000000000000000000000000
000000000000000000000000000000000000000000000011111111111111111111000000000000000000111111111111111111110000000000000000000000000000000000000000000000
000000000000000000000000000000000000000000000000111111111111111111111111111111111111111111111111111111000000000000000000000000000000000000000000000000
000000000000000000000000000000000000000000000000001111111111111111111111111111111111111111111111111100000000000000000000000000000000000000000000000000
000000000000000000000000000000000000000000000000000011111111111111111111111111111111111111111111110000000000000000000000000000000000000000000000000000
000000000000000000000000000000000000000000000000000000111111111111111111111111111111111111111111000000000000000000000000000000000000000000000000000000
000000000000000000000000000000000000000000000000000000000111111111111111111111111111111111111000000000000000000000000000000000000000000000000000000000
000000000000000000000000000000000000000000000000000000000000111111111111111111111111111111000000000000000000000000000000000000000000000000000000000000
100000000000000000000000000000000000000000000000000000000000000001111111111111111111100000000000000000000000000000000000000000000000000000000000000001
000000000000000000000000000000000000000000000000000000000000000000000000000000000000000000000000000000000000000000000000000000000000000000000000000000
000000000000000000000000000000000000000000000000000000000000000000000000000000000000000000000000000000000000000000000000000000000000000000000000000000
000000000000000000000000000000000000000000000000000000000000000000000000000000000000000000000000000000000000000000000000000000000000000000000000000000
000000000000000000000000000000000000000000000000000000000000000000000000000000000000000000000000000000000000000000000000000000000000000000000000000000
000000000000000000000000000000000000000000000000000000000000000000000000000000000000000000000000000000000000000000000000000000000000000000000000000000
000000000000000000000000000000000000000000000000000000000000000000000000000000000000000000000000000000000000000000000000000000000000000000000000000000
000000000000000000000000000000000000000000000000000000000000000000000000000000000000000000000000000000000000000000000000000000000000000000000000000000
000000000000000000000000000000000000000000000000000000000000000000000000000000000000000000000000000000000000000000000000000000000000000000000000000000
000000000000000000000000000000000000000000000000000000000000000000000000000000000000000000000000000000000000000000000000000000000000000000000000000000
000000000000000000000000000000000000000000000000000000000000000000000000000000000000000000000000000000000000000000000000000000000000000000000000000000
000000000000000000000000000000000000000000000000000000000000000000000000000000000000000000000000000000000000000000000000000000000000000000000000000000
000000000000000000000000000000000000000000000000000000000000000000000000000000000000000000000000000000000000000000000000000000000000000000000000000000
000000000000000000000000000000000000000000000000000000000000000000000000000000000000000000000000000000000000000000000000000000000000000000000000000000
000000000000000000000000000000000000000000000000000000000000000000000000000000000000000000000000000000000000000000000000000000000000000000000000000000
000000000000000000000000000000000000000000000000000000000000000000000000000000000000000000000000000000000000000000000000000000000000000000000000000000
000000000000000000000000000000000000000000000000000000000000000000000000000000000000000000000000000000000000000000000000000000000000000000000000000000
000000000000000000000000000000000000000000000000000000000000000000000000000000000000000000000000000000000000000000000000000000000000000000000000000000
000000000000000000000000000000000000000000000000000000000000000000000000000000000000000000000000000000000000000000000000000000000000000000000000000000
000000000000000000000000000000000000000000000000000000000000000000000000000000000000000000000000000000000000000000000000000000000000000000000000000000
000000000000000000000000000000000000000000000000000000000000000000000000000000000000000000000000000000000000000000000000000000000000000000000000000000
000000000000000000000000000000000000000000000000000000000000000000000000000000000000000000000000000000000000000000000000000000000000000000000000000000
000000000000000000000000000000000000000000000000000000000000000000000000000000000000000000000000000000000000000000000000000000000000000000000000000000
000000000000000000000000000000000000000000000000000000000000000000000000000000000000000000000000000000000000000000000000000000000000000000000000000000
000000000000000000000000000000000000000000000000000000000000000000000000000000000000000000000000000000000000000000000000000000000000000000000000000000
000000000000000000000000000000000000000000000000000000000000000000000000000000000000000000000000000000000000000000000000000000000000000000000000000000
000000000000000000000000000000000000000000000000000000000000000000000000000000000000000000000000000000000000000000000000000000000000000000000000000000
000000000000000000000000000000000000000000000000000000000000000000000000000000000000000000000000000000000000000000000000000000000000000000000000000000
000000000000000000000000000000000000000000000000000000000000000000000000000000000000000000000000000000000000000000000000000000000000000000000000000000
000000000000000000000000000000000000000000000000000000000000000000000000000000000000000000000000000000000000000000000000000000000000000000000000000000
000000000000000000000000000000000000000000000000000000000000000000000000000000000000000000000000000000000000000000000000000000000000000000000000000000
000000000000000000000000000000000000000000000000000000000000000000000000000000000000000000000000000000000000000000000000000000000000000000000000000000
000000000000000000000000000000000000000000000000000000000000000000000000000000000000000000000000000000000000000000000000000000000000000000000000000000
000000000000000000000000000000000000000000000000000000000000000000000000000000000000000000000000000000000000000000000000000000000000000000000000000000
000000000000000000000000000000000000000000000000000000000000000000000000000000000000000000000000000000000000000000000000000000000000000000000000000000
000000000000000000000000000000000000000000000000000000000000000000000000000000000000000000000000000000000000000000000000000000000000000000000000000000
000000000000000000000000000000000000000000000000000000000000000000000000000000000000000000000000000000000000000000000000000000000000000000000000000000
000000000000000000000000000000000000000000000000000000000000000000000000000000000000000000000000000000000000000000000000000000000000000000000000000000
000000000000000000000000000000000000000000000000000000000000000000000000000000000000000000000000000000000000000000000000000000000000000000000000000000
000000000000000000000000000000000000000000000000000000000000000000000000000000000000001